00000000000000000000000000000000000000000000000000000000000000000000000000000000000000000000000000000000000000000000000000000000000000000000000000000000000000000000000000000000000000000000000
00000000000000000000000000000000000000000000000000000000000000000000000000000000000000000000000000000000000000000000000000000000000000000000000000000000000000000000000000000000000000000000000
00000000000000000000000000000000000000000000000000000000000000000000000000000000000000000000000000000000000000000000000000000000000000000000000000000000000000000000000000000000000000000000000
00000000000000000000000000000000000000000000000000000000000000000000000000000000000000000000000000000000000000000000000000000000000000000000000000000000000000000000000000000000000000000000000
00000000000000000000000000000000000000000000000000000000000000000000000000000000000000000000000000000000000000000000000000044444000000000000000000000000000000000000000000000000000000000000000
00000000000000000000000000000000000000000000000000000000000000000000000000000000000000000000000000000000000000000000000000444444400000000000000000000000000000000000000000000000000000000000000
00000000000000000000000000000000000000000000000000000000000000000000000000000000000000000000000000000000000000000000000000055T55000000000000000000000000000000000000000000000000000000000001111
22210000000000000000000000000000000000000000000000000000000000000000000000000000000000000000000000000000000000000000000000055B55000000000000000000000000000000000000000000000000000000000012222
22221000444440000000000000000000011100111111100000000000000000000000000000001111100000000000000000000000000000000000000000111111000000000000000000011111000000000000000000000000000000000122222
22222104444444000000011100011100000000000000011111000000001111000000001110000000000111100011111000000000000000000000000001122221100000000000001111000000000011110000000111100000000000001222222
2222210055T550000000000000000000000000000000000000000000012222100000000000000000000000000000000000000000000000000000000011222222110000000000000000000000000000000000001222210000000000001222222
2222210055B550000000000000000000000000000000000000000000122222210000000000000000000000000000000000000000001111000000000112222222211000000000000000000000000000000000012222221000000000001222222
11111111111111111111111111111111111111111111111111111111111111111111111111111111111111111111111111111111112222111111111111111111111111111111111111111111111111111111111111111111111111111111111
22222222222222222222222222222222222222222222222222222222222222222222222222222222222222222222222222222222222222222222222222222222222222222222222222222222222222222222222222222222222222222222222
22222222222222222222222222222222222222222222222222222222222222222222222222222222222222222222222222222222222222222222222222222222222222222222222222222222222222222222222222222222222222222222222
33333333333333333333333333333333333333333333333333333333333333333333333333333333333333333333333333333333333333333333333333333333333333333333333333333333333333333333333333333333333333333333333
33333333333333333333333333333333333333333333333333333333333333333333333333333333333333333333333333333333333333333333333333333333333333333333333333333333333333333333333333333333333333333333333
33333333333333333333333333333333333333333333333333333333333333333333333333333333333333333333333333333333333333333333333333333333333333333333333333333333333333333333333333333333333333333333333
